 6451084.341173   1873422.863644
 6451087.555039   1873419.032865
 6451090.768904   1873415.202087
 6451093.982769   1873411.371308
 6451097.196634   1873407.540529
 6451100.316168   1873403.924503
 6451103.596125   1873400.150575
 6451106.876082   1873396.376646
 6451110.156039   1873392.602717
 6451113.435995   1873388.828788
 6451116.715952   1873385.054860
 6451119.995909   1873381.280931
 6451123.275866   1873377.507002
 6451126.555823   1873373.733074
 6451129.835780   1873369.959145
 6451133.101221   1873366.212339
 6451136.390401   1873362.446343
 6451139.679581   1873358.680348
 6451142.968760   1873354.914352
 6451146.281651   1873351.169383
 6451149.600792   1873347.429957
 6451152.919933   1873343.690531
 6451156.239074   1873339.951104
 6451159.558214   1873336.211678
 6451162.843175   1873332.532725
 6451166.183328   1873328.811967
 6451169.523481   1873325.091208
 6451172.863633   1873321.370449
 6451176.203786   1873317.649690
 6451179.543939   1873313.928931
 6451182.952961   1873310.270642
 6451186.375823   1873306.624907
 6451189.798685   1873302.979172
 6451193.221547   1873299.333437
 6451196.623524   1873295.736406
 6451200.060623   1873292.104506
 6451203.497723   1873288.472606
 6451206.934822   1873284.840706
 6451210.371922   1873281.208806
 6451213.809021   1873277.576906
 6451217.246121   1873273.945006
 6451220.683221   1873270.313107
 6451224.120320   1873266.681207
 6451227.557420   1873263.049307
 6451230.961564   1873259.468897
 6451234.414198   1873255.852091
 6451237.866832   1873252.235286
 6451241.319465   1873248.618481
 6451244.772099   1873245.001675
 6451248.224733   1873241.384870
 6451251.677367   1873237.768065
 6451255.130000   1873234.151259
 6451258.582634   1873230.534454
 6451261.945565   1873227.018891
 6451265.431267   1873223.434217
 6451268.916968   1873219.849543
 6451272.402670   1873216.264869
 6451275.888371   1873212.680194
 6451279.374073   1873209.095520
 6451282.859774   1873205.510846
 6451286.345476   1873201.926172
 6451289.831177   1873198.341498
 6451293.316879   1873194.756824
 6451296.690439   1873191.376859
 6451300.231305   1873187.845785
 6451303.772170   1873184.314712
 6451307.313036   1873180.783639
 6451310.853902   1873177.252566
 6451314.394767   1873173.721493
 6451317.935633   1873170.190420
 6451321.476499   1873166.659347
 6451325.017365   1873163.128274
 6451328.558230   1873159.597200
 6451332.078525   1873156.105502
 6451335.631081   1873152.585787
 6451339.183637   1873149.066071
 6451342.736193   1873145.546356
 6451346.288749   1873142.026641
 6451349.841305   1873138.506926
 6451353.393860   1873134.987211
 6451356.946416   1873131.467496
 6451360.498972   1873127.947781
 6451364.004006   1873124.481072
 6451367.579281   1873120.983429
 6451371.154557   1873117.485786
 6451374.732051   1873113.990529
 6451378.431591   1873110.626529
 6451382.131130   1873107.262529
 6451385.830670   1873103.898529
 6451389.530210   1873100.534528
 6451393.229749   1873097.170528
 6451396.929289   1873093.806528
 6451400.632082   1873090.437446
 6451404.329890   1873087.071499
 6451408.027699   1873083.705551
 6451411.725507   1873080.339604
 6451415.423316   1873076.973657
 6451419.121124   1873073.607710
 6451422.818933   1873070.241763
 6451426.516741   1873066.875815
 6451430.214549   1873063.509868
 6451433.912358   1873060.143921
 6451437.603605   1873056.791083
 6451441.305100   1873053.429282
 6451445.006595   1873050.067481
 6451448.708090   1873046.705680
 6451452.409585   1873043.343879
 6451456.111080   1873039.982078
 6451459.812575   1873036.620277
 6451463.514071   1873033.258475
 6451467.215566   1873029.896674
 6451470.848596   1873026.618768
 6451474.576858   1873023.287071
 6451478.305121   1873019.955373
 6451482.033384   1873016.623675
 6451485.761647   1873013.291977
 6451489.489909   1873009.960280
 6451493.218172   1873006.628582
 6451496.946435   1873003.296884
 6451500.674698   1872999.965187
 6451504.402960   1872996.633489
 6451508.071582   1872993.391043
 6451511.825396   1872990.088081
 6451515.579211   1872986.785118
 6451519.333025   1872983.482156
 6451523.086839   1872980.179194
 6451526.840653   1872976.876231
 6451530.594467   1872973.573269
 6451534.348281   1872970.270306
 6451538.102095   1872966.967344
 6451541.855909   1872963.664382
 6451545.620959   1872960.345049
 6451549.369841   1872957.036539
 6451553.118722   1872953.728029
 6451556.867604   1872950.419520
 6451560.616486   1872947.111010
 6451564.365367   1872943.802501
 6451568.114249   1872940.493991
 6451571.863130   1872937.185482
 6451575.612012   1872933.876972
 6451579.388072   1872930.542277
 6451583.127030   1872927.222607
 6451586.865988   1872923.902937
 6451590.604946   1872920.583268
 6451594.343904   1872917.263598
 6451598.082862   1872913.943928
 6451601.821820   1872910.624259
 6451605.560778   1872907.304589
 6451609.299736   1872903.984920
 6451613.038694   1872900.665250
 6451616.654840   1872897.476649
 6451620.441124   1872894.210202
 6451624.227408   1872890.943755
 6451628.013692   1872887.677308
 6451631.800220   1872884.411152
 6451635.600275   1872881.161159
 6451639.400329   1872877.911167
 6451643.200384   1872874.661175
 6451647.000438   1872871.411182
 6451650.800493   1872868.161190
 6451654.770993   1872864.659501
 6451658.485803   1872861.311969
 6451662.200614   1872857.964438
 6451665.915425   1872854.616907
 6451669.630235   1872851.269375
 6451673.345046   1872847.921844
 6451677.059856   1872844.574313
 6451680.774667   1872841.226781
 6451684.489478   1872837.879250
 6451688.204288   1872834.531718
 6451691.772336   1872831.365604
 6451695.536844   1872828.074827
 6451699.301351   1872824.784050
 6451703.065859   1872821.493273
 6451706.830366   1872818.202495
 6451710.594874   1872814.911718
 6451714.359381   1872811.620941
 6451718.123889   1872808.330164
 6451721.888396   1872805.039387
 6451725.713308   1872801.680460
 6451729.453640   1872798.362327
 6451733.193972   1872795.044194
 6451736.934304   1872791.726061
 6451740.674636   1872788.407928
 6451744.414968   1872785.089795
 6451748.155300   1872781.771663
 6451751.895632   1872778.453530
 6451755.638163   1872775.137866
 6451759.383586   1872771.825449
 6451763.029018   1872768.665087
 6451766.820428   1872765.405030
 6451770.611837   1872762.144972
 6451774.403247   1872758.884914
 6451778.194657   1872755.624856
 6451781.986067   1872752.364799
 6451785.777800   1872749.105125
 6451789.577620   1872745.855059
 6451793.377440   1872742.604993
 6451797.270340   1872739.260985
 6451801.033076   1872735.968249
 6451804.795812   1872732.675514
 6451808.558548   1872729.382778
 6451812.321284   1872726.090043
 6451816.084021   1872722.797308
 6451819.846757   1872719.504572
 6451823.609493   1872716.211837
 6451827.372229   1872712.919102
 6451831.134965   1872709.626366
 6451834.880080   1872706.351566
 6451838.649665   1872703.066712
 6451842.419251   1872699.781857
 6451846.188836   1872696.497003
 6451849.958422   1872693.212148
 6451853.728007   1872689.927294
 6451857.497592   1872686.642439
 6451861.267178   1872683.357585
 6451865.036763   1872680.072731
 6451868.806349   1872676.787876
 6451872.607784   1872673.471576
 6451876.365297   1872670.172831
 6451880.122810   1872666.874086
 6451883.880323   1872663.575341
 6451887.637837   1872660.276596
 6451891.395350   1872656.977851
 6451895.152863   1872653.679106
 6451898.910376   1872650.380361
 6451902.667890   1872647.081616
 6451906.425403   1872643.782871
 6451910.112416   1872640.579375
 6451913.900010   1872637.315242
 6451917.687604   1872634.051109
 6451921.475199   1872630.786976
 6451925.262793   1872627.522842
 6451929.050387   1872624.258709
 6451932.837981   1872620.994576
 6451936.625576   1872617.730443
 6451940.413170   1872614.466310
 6451944.200764   1872611.202177
 6451948.076522   1872607.795408
 6451951.821094   1872604.481773
 6451955.565667   1872601.168138
 6451959.310239   1872597.854503
 6451963.054812   1872594.540868
 6451966.799384   1872591.227233
 6451970.543956   1872587.913598
 6451974.288529   1872584.599963
 6451978.033101   1872581.286328
 6451981.701721   1872578.073345
 6451985.477344   1872574.795436
 6451989.252966   1872571.517527
 6451993.028588   1872568.239619
 6451996.804210   1872564.961710
 6452000.579832   1872561.683801
 6452004.355454   1872558.405893
 6452008.131076   1872555.127984
 6452011.906698   1872551.850076
 6452015.682320   1872548.572167
 6452019.542017   1872545.193233
 6452023.284852   1872541.877598
 6452027.027686   1872538.561963
 6452030.770520   1872535.246328
 6452034.513354   1872531.930693
 6452038.256188   1872528.615058
 6452041.999023   1872525.299423
 6452045.741857   1872521.983788
 6452049.484691   1872518.668153
 6452053.043912   1872515.514850
 6452056.844711   1872512.265910
 6452060.645509   1872509.016970
 6452064.446308   1872505.768029
 6452068.247106   1872502.519089
 6452072.047905   1872499.270149
 6452075.848703   1872496.021209
 6452079.649502   1872492.772269
 6452083.450300   1872489.523328
 6452087.251099   1872486.274388
 6452091.191293   1872482.901916
 6452094.945269   1872479.599102
 6452098.699246   1872476.296287
 6452102.453222   1872472.993473
 6452106.207199   1872469.690659
 6452109.961175   1872466.387844
 6452113.715152   1872463.085030
 6452117.469129   1872459.782216
 6452121.223105   1872456.479401
 6452124.977082   1872453.176587
 6452128.665495   1872449.959703
 6452132.444962   1872446.686218
 6452136.224428   1872443.412732
 6452140.003894   1872440.139246
 6452143.783360   1872436.865761
 6452147.562826   1872433.592275
 6452151.342292   1872430.318790
 6452155.121758   1872427.045304
 6452158.901224   1872423.771819
 6452162.680691   1872420.498333
 6452166.523791   1872417.109176
 6452170.268657   1872413.796030
 6452174.013524   1872410.482884
 6452177.758390   1872407.169738
 6452181.503257   1872403.856592
 6452185.248123   1872400.543446
 6452188.992989   1872397.230300
 6452192.737856   1872393.917154
 6452196.482722   1872390.604008
 6452200.227589   1872387.290862
 6452203.901223   1872384.102203
 6452207.677769   1872380.825315
 6452211.454315   1872377.548427
 6452215.230861   1872374.271539
 6452219.007407   1872370.994651
 6452222.783953   1872367.717763
 6452226.560499   1872364.440875
 6452230.337045   1872361.163987
 6452234.113591   1872357.887099
 6452237.893884   1872354.605778
 6452241.669056   1872351.327318
 6452245.444229   1872348.048859
 6452249.219402   1872344.770399
 6452252.994575   1872341.491940
 6452256.769748   1872338.213480
 6452260.544920   1872334.935021
 6452264.320093   1872331.656561
 6452268.095266   1872328.378101
 6452271.870439   1872325.099642
 6452275.697575   1872321.741747
 6452279.450405   1872318.437714
 6452283.203234   1872315.133682
 6452286.956064   1872311.829650
 6452290.708893   1872308.525618
 6452294.461723   1872305.221586
 6452298.214552   1872301.917554
 6452301.967382   1872298.613522
 6452305.720211   1872295.309490
 6452309.444811   1872292.034761
 6452313.207293   1872288.741776
 6452316.969774   1872285.448791
 6452320.732256   1872282.155806
 6452324.494737   1872278.862821
 6452328.257219   1872275.569836
 6452332.019701   1872272.276851
 6452335.782182   1872268.983866
 6452339.544664   1872265.690881
 6452343.307145   1872262.397896
 6452347.007334   1872259.186988
 6452350.793700   1872255.921340
 6452354.580067   1872252.655692
 6452358.366433   1872249.390044
 6452362.152799   1872246.124396
 6452365.939166   1872242.858748
 6452369.725532   1872239.593100
 6452373.511899   1872236.327452
 6452377.298265   1872233.061804
 6452381.084632   1872229.796156
 6452384.870998   1872226.530508
 6452388.657365   1872223.264859
 6452392.443731   1872219.999211
 6452396.230098   1872216.733563
 6452400.016464   1872213.467915
 6452403.802831   1872210.202267
 6452407.589197   1872206.936619
 6452411.375564   1872203.670971
 6452415.161930   1872200.405323
 6452419.112297   1872196.968652
 6452422.837331   1872193.632807
 6452426.562365   1872190.296962
 6452430.287400   1872186.961117
 6452434.012434   1872183.625273
 6452437.737469   1872180.289428
 6452441.462503   1872176.953583
 6452445.187537   1872173.617738
 6452448.912572   1872170.281894
 6452452.637606   1872166.946049
 6452456.126767   1872163.877198
 6452459.935610   1872160.637275
 6452463.744453   1872157.397351
 6452467.553296   1872154.157428
 6452471.362139   1872150.917504
 6452475.170982   1872147.677581
 6452478.979825   1872144.437657
 6452482.788668   1872141.197734
 6452486.597511   1872137.957810
 6452490.406354   1872134.717887
 6452494.377667   1872131.202877
 6452498.107343   1872127.872345
 6452501.837019   1872124.541813
 6452505.566695   1872121.211281
 6452509.296371   1872117.880748
 6452513.026047   1872114.550216
 6452516.755723   1872111.219684
 6452520.485399   1872107.889152
 6452524.215074   1872104.558620
 6452527.835938   1872101.354458
 6452531.605471   1872098.069544
 6452535.375004   1872094.784629
 6452539.144537   1872091.499715
 6452542.914070   1872088.214800
 6452546.683603   1872084.929886
 6452550.453136   1872081.644971
 6452554.222669   1872078.360057
 6452558.031417   1872075.120262
 6452561.860468   1872071.903825
 6452565.628290   1872068.774652
 6452569.480676   1872065.586965
 6452573.333062   1872062.399278
 6452577.185448   1872059.211592
 6452581.037835   1872056.023905
 6452584.890221   1872052.836218
 6452588.742607   1872049.648531
 6452592.594993   1872046.460844
 6452596.447379   1872043.273157
 6452600.299765   1872040.085471
 6452604.006400   1872037.074602
 6452607.906625   1872033.945853
 6452611.806849   1872030.817103
 6452615.707074   1872027.688353
 6452619.607299   1872024.559604
 6452623.507523   1872021.430854
 6452627.407748   1872018.302104
 6452631.307972   1872015.173355
 6452635.208197   1872012.044605
 6452639.120827   1872008.905750
 6452643.017512   1872005.772639
 6452646.914196   1872002.639528
 6452650.810881   1871999.506417
 6452654.707566   1871996.373307
 6452658.604250   1871993.240196
 6452662.500935   1871990.107085
 6452666.397620   1871986.973974
 6452670.294304   1871983.840863
 6452674.190989   1871980.707752
 6452678.087678   1871977.574637
 6452681.984362   1871974.441524
 6452685.881045   1871971.308411
 6452689.777728   1871968.175298
 6452693.674411   1871965.042186
 6452697.571094   1871961.909073
 6452701.467777   1871958.775960
 6452705.364460   1871955.642847
 6452709.261143   1871952.509734
 6452713.157826   1871949.376622
 6452716.994307   1871946.311253
 6452720.912115   1871943.204165
 6452724.829922   1871940.097077
 6452728.747729   1871936.989989
 6452732.665537   1871933.882901
 6452736.583344   1871930.775813
 6452740.501151   1871927.668725
 6452744.418959   1871924.561638
 6452748.393292   1871921.527507
 6452752.367624   1871918.493376
 6452756.202535   1871915.674655
 6452760.234128   1871912.716647
 6452764.265722   1871909.758639
 6452768.297315   1871906.800631
 6452772.328909   1871903.842623
 6452776.360502   1871900.884615
 6452780.392096   1871897.926608
 6452784.423689   1871894.968600
 6452788.455283   1871892.010592
 6452792.673333   1871888.875153
 6452796.638068   1871885.828263
 6452800.602804   1871882.781374
 6452804.567539   1871879.734484
 6452808.532274   1871876.687594
 6452812.497010   1871873.640705
 6452816.461745   1871870.593815
 6452820.426481   1871867.546925
 6452824.391216   1871864.500036
 6452828.169653   1871861.599727
 6452832.191631   1871858.628937
 6452836.213610   1871855.658148
 6452840.235589   1871852.687358
 6452844.257567   1871849.716568
 6452848.279546   1871846.745778
 6452852.301525   1871843.774989
 6452856.323503   1871840.804199
 6452860.345482   1871837.833409
 6452864.367460   1871834.862619
 6452868.389439   1871831.891830
 6452872.411418   1871828.921040
 6452876.433396   1871825.950250
 6452880.455375   1871822.979461
