 6451068.062914   1873424.036620
 6451071.237436   1873420.173651
 6451074.411957   1873416.310683
 6451077.586479   1873412.447714
 6451080.761001   1873408.584745
 6451083.935523   1873404.721776
 6451087.027934   1873401.021132
 6451090.294159   1873397.235083
 6451093.595243   1873393.479707
 6451096.896327   1873389.724331
 6451100.197411   1873385.968955
 6451103.498496   1873382.213579
 6451106.799580   1873378.458203
 6451110.100664   1873374.702826
 6451113.401748   1873370.947450
 6451116.702832   1873367.192074
 6451120.012679   1873363.409728
 6451123.307101   1873359.648486
 6451126.608480   1873355.893309
 6451129.909860   1873352.138133
 6451133.211240   1873348.382956
 6451136.512620   1873344.627779
 6451139.814000   1873340.872603
 6451143.115380   1873337.117426
 6451146.416760   1873333.362250
 6451149.724615   1873329.598547
 6451153.027091   1873325.844257
 6451156.346198   1873322.104408
 6451159.567872   1873318.536975
 6451162.948456   1873314.852890
 6451166.329040   1873311.168806
 6451169.709625   1873307.484722
 6451173.090209   1873303.800637
 6451176.470793   1873300.116553
 6451179.851377   1873296.432469
 6451183.296115   1873292.620026
 6451186.640559   1873288.902937
 6451189.990499   1873285.190706
 6451193.253293   1873281.658946
 6451196.664507   1873278.003188
 6451200.075721   1873274.347430
 6451203.486935   1873270.691673
 6451206.898149   1873267.035915
 6451210.309363   1873263.380157
 6451213.720577   1873259.724399
 6451217.210399   1873255.880888
 6451220.562079   1873252.170101
 6451223.719884   1873248.739727
 6451227.191794   1873245.140999
 6451230.663704   1873241.542270
 6451234.135614   1873237.943542
 6451237.607523   1873234.344813
 6451241.079433   1873230.746085
 6451244.551343   1873227.147357
 6451248.188824   1873223.328510
 6451251.564907   1873219.639912
 6451254.968181   1873215.975604
 6451258.205266   1873212.645900
 6451261.733507   1873209.102621
 6451265.261748   1873205.559342
 6451268.789989   1873202.016063
 6451272.318230   1873198.472784
 6451275.846471   1873194.929505
 6451279.374712   1873191.386226
 6451283.124412   1873187.434108
 6451286.522710   1873183.760748
 6451289.950147   1873180.112209
 6451293.137839   1873177.044275
 6451296.744890   1873173.581695
 6451300.351941   1873170.119116
 6451303.958992   1873166.656537
 6451307.566043   1873163.193958
 6451311.173094   1873159.731379
 6451314.765121   1873156.284519
 6451318.379122   1873152.829132
 6451321.995853   1873149.376631
 6451325.621063   1873145.933093
 6451329.246273   1873142.489554
 6451332.871483   1873139.046016
 6451336.496693   1873135.602478
 6451340.121902   1873132.158939
 6451343.747112   1873128.715401
 6451347.372322   1873125.271863
 6451351.020524   1873121.795490
 6451354.632945   1873118.338542
 6451358.257911   1873114.894660
 6451361.892295   1873111.460586
 6451365.526678   1873108.026512
 6451369.161062   1873104.592438
 6451372.795445   1873101.158364
 6451376.429829   1873097.724290
 6451380.064212   1873094.290216
 6451383.698596   1873090.856143
 6451387.271164   1873087.520705
 6451390.939388   1873084.123024
 6451394.605960   1873080.723552
 6451398.272531   1873077.324081
 6451401.939102   1873073.924609
 6451405.605674   1873070.525137
 6451409.272245   1873067.125665
 6451412.938816   1873063.726194
 6451416.605388   1873060.326722
 6451420.271959   1873056.927250
 6451423.916187   1873053.565534
 6451427.597251   1873050.181658
 6451431.280554   1873046.800245
 6451434.963856   1873043.418832
 6451438.647158   1873040.037418
 6451442.330461   1873036.656005
 6451446.013763   1873033.274592
 6451449.697065   1873029.893179
 6451453.380368   1873026.511766
 6451457.063670   1873023.130353
 6451460.746973   1873019.748940
 6451464.453246   1873016.392810
 6451468.178726   1873013.020792
 6451471.881209   1873009.660390
 6451475.583692   1873006.299987
 6451479.286175   1873002.939584
 6451482.988658   1872999.579181
 6451486.691141   1872996.218779
 6451490.393624   1872992.858376
 6451494.096107   1872989.497973
 6451497.802107   1872986.141405
 6451501.530592   1872982.809350
 6451505.187035   1872979.577303
 6451508.950865   1872976.285843
 6451512.714694   1872972.994384
 6451516.478524   1872969.702925
 6451520.242353   1872966.411465
 6451524.006183   1872963.120006
 6451527.770012   1872959.828546
 6451531.533842   1872956.537087
 6451535.297543   1872953.245481
 6451539.061607   1872949.943517
 6451542.818472   1872946.644122
 6451546.575336   1872943.344726
 6451550.332200   1872940.045330
 6451554.089065   1872936.745934
 6451557.845929   1872933.446538
 6451561.602794   1872930.147143
 6451565.359658   1872926.847747
 6451569.116523   1872923.548351
 6451572.868572   1872920.243487
 6451576.599259   1872916.950440
 6451580.353178   1872913.647645
 6451584.107097   1872910.344851
 6451587.861015   1872907.042057
 6451591.614934   1872903.739263
 6451595.368852   1872900.436468
 6451599.122771   1872897.133674
 6451602.876689   1872893.830880
 6451606.630608   1872890.528086
 6451610.412968   1872887.257864
 6451614.260153   1872883.947090
 6451618.039445   1872880.672287
 6451621.818737   1872877.397484
 6451625.598029   1872874.122681
 6451629.377322   1872870.847878
 6451633.156614   1872867.573075
 6451636.935906   1872864.298271
 6451640.715198   1872861.023468
 6451644.493619   1872857.747694
 6451648.186375   1872854.376424
 6451651.769609   1872851.191646
 6451655.518353   1872847.880632
 6451659.267097   1872844.569619
 6451663.015841   1872841.258605
 6451666.764584   1872837.947591
 6451670.513328   1872834.636577
 6451674.262072   1872831.325563
 6451678.010815   1872828.014549
 6451681.759559   1872824.703536
 6451685.649678   1872821.347630
 6451689.412238   1872818.054601
 6451693.174799   1872814.761572
 6451696.937360   1872811.468543
 6451700.699920   1872808.175515
 6451704.462481   1872804.882486
 6451708.225042   1872801.589457
 6451711.987602   1872798.296428
 6451715.750163   1872795.003399
 6451719.495770   1872791.691233
 6451723.183118   1872788.431220
 6451726.945558   1872785.137914
 6451730.707998   1872781.844607
 6451734.470438   1872778.551301
 6451738.232878   1872775.257994
 6451741.995319   1872771.964687
 6451745.757759   1872768.671381
 6451749.520199   1872765.378074
 6451753.285350   1872762.087918
 6451757.093245   1872758.847445
 6451760.960672   1872755.503666
 6451764.733090   1872752.221045
 6451768.505509   1872748.938424
 6451772.277927   1872745.655803
 6451776.050346   1872742.373182
 6451779.822764   1872739.090561
 6451783.595183   1872735.807940
 6451787.367602   1872732.525319
 6451791.117680   1872729.217859
 6451794.852273   1872725.893184
 6451798.576613   1872722.589860
 6451802.317425   1872719.272243
 6451806.058238   1872715.954627
 6451809.799051   1872712.637010
 6451813.539864   1872709.319393
 6451817.280677   1872706.001777
 6451821.021489   1872702.684160
 6451824.762302   1872699.366543
 6451828.507269   1872696.053580
 6451832.171504   1872692.842964
 6451835.954632   1872689.573609
 6451839.737760   1872686.304255
 6451843.520888   1872683.034900
 6451847.304016   1872679.765545
 6451851.087144   1872676.496191
 6451854.870273   1872673.226836
 6451858.653401   1872669.957482
 6451862.436529   1872666.688127
 6451866.213537   1872663.411612
 6451869.988696   1872660.120920
 6451873.757573   1872656.834990
 6451877.526451   1872653.549060
 6451881.295329   1872650.263130
 6451885.064206   1872646.977200
 6451888.833084   1872643.691270
 6451892.601961   1872640.405340
 6451896.370839   1872637.119410
 6451900.139716   1872633.833480
 6451903.936083   1872630.579621
 6451907.782090   1872627.247852
 6451911.553848   1872623.965187
 6451915.325605   1872620.682521
 6451919.097362   1872617.399855
 6451922.869120   1872614.117189
 6451926.640877   1872610.834524
 6451930.412635   1872607.551858
 6451934.184392   1872604.269192
 6451937.949265   1872600.978759
 6451941.696954   1872597.626012
 6451945.416823   1872594.284959
 6451949.136692   1872590.943906
 6451952.856560   1872587.602853
 6451956.576429   1872584.261799
 6451960.296298   1872580.920746
 6451964.016167   1872577.579693
 6451967.736036   1872574.238639
 6451971.455905   1872570.897586
 6451975.206163   1872567.590475
 6451978.923574   1872564.347365
 6451982.694313   1872561.063825
 6451986.465051   1872557.780286
 6451990.235790   1872554.496746
 6451994.006528   1872551.213206
 6451997.777267   1872547.929667
 6452001.548005   1872544.646127
 6452005.318744   1872541.362587
 6452009.089482   1872538.079047
 6452012.833712   1872534.765189
 6452016.520785   1872531.519446
 6452020.284486   1872528.226919
 6452024.048186   1872524.934393
 6452027.811886   1872521.641867
 6452031.575586   1872518.349340
 6452035.339286   1872515.056814
 6452039.102986   1872511.764287
 6452042.866686   1872508.471761
 6452046.651870   1872505.204586
 6452050.571753   1872501.881317
 6452054.348620   1872498.603910
 6452058.125487   1872495.326503
 6452061.902354   1872492.049096
 6452065.679221   1872488.771689
 6452069.456088   1872485.494282
 6452073.232955   1872482.216874
 6452077.009822   1872478.939467
 6452080.786689   1872475.662060
 6452084.542715   1872472.361382
 6452088.272922   1872469.029602
 6452092.001716   1872465.698512
 6452095.730509   1872462.367423
 6452099.459302   1872459.036334
 6452103.188095   1872455.705244
 6452106.916889   1872452.374155
 6452110.645682   1872449.043065
 6452114.374475   1872445.711976
 6452118.103268   1872442.380886
 6452121.857355   1872439.078025
 6452125.492079   1872435.960646
 6452129.305423   1872432.726408
 6452133.118766   1872429.492170
 6452136.932109   1872426.257933
 6452140.745453   1872423.023695
 6452144.558796   1872419.789457
 6452148.372139   1872416.555220
 6452152.185483   1872413.320982
 6452155.992086   1872410.078656
 6452159.902545   1872406.670125
 6452163.629035   1872403.336465
 6452167.355524   1872400.002805
 6452171.082014   1872396.669145
 6452174.808503   1872393.335486
 6452178.534993   1872390.001826
 6452182.261483   1872386.668166
 6452185.987972   1872383.334506
 6452189.714462   1872380.000846
 6452193.453105   1872376.680792
 6452197.146180   1872373.447261
 6452200.932107   1872370.181260
 6452204.718034   1872366.915258
 6452208.503961   1872363.649257
 6452212.289888   1872360.383256
 6452216.075815   1872357.117255
 6452219.861742   1872353.851254
 6452223.647669   1872350.585253
 6452227.433597   1872347.319252
 6452231.218450   1872344.052007
 6452234.988204   1872340.808968
 6452238.780883   1872337.550791
 6452242.573563   1872334.292613
 6452246.366242   1872331.034436
 6452250.158922   1872327.776258
 6452253.951601   1872324.518081
 6452257.744281   1872321.259904
 6452261.536960   1872318.001726
 6452265.327151   1872314.740638
 6452269.097759   1872311.456646
 6452272.885948   1872308.140680
 6452276.645841   1872304.844610
 6452280.405734   1872301.548540
 6452284.165626   1872298.252470
 6452287.925519   1872294.956399
 6452291.685412   1872291.660329
 6452295.445305   1872288.364259
 6452299.205198   1872285.068189
 6452302.970956   1872281.778890
 6452306.796334   1872278.434917
 6452310.539472   1872275.119868
 6452314.282610   1872271.804819
 6452318.025748   1872268.489771
 6452321.768886   1872265.174722
 6452325.512024   1872261.859673
 6452329.255162   1872258.544625
 6452332.998300   1872255.229576
 6452336.741438   1872251.914527
 6452340.508279   1872248.625973
 6452344.209385   1872245.416838
 6452348.007415   1872242.164890
 6452351.805446   1872238.912943
 6452355.603476   1872235.660995
 6452359.401507   1872232.409048
 6452363.199537   1872229.157100
 6452366.997568   1872225.905153
 6452370.795598   1872222.653205
 6452374.593629   1872219.401258
 6452378.391659   1872216.149310
 6452382.257147   1872212.785610
 6452386.018701   1872209.490817
 6452389.780255   1872206.196023
 6452393.541809   1872202.901229
 6452397.303362   1872199.606435
 6452401.064916   1872196.311641
 6452404.826470   1872193.016847
 6452408.588024   1872189.722054
 6452412.309495   1872186.382778
 6452416.008631   1872183.018716
 6452419.666678   1872179.728920
 6452423.388380   1872176.389444
 6452427.110082   1872173.049968
 6452430.831783   1872169.710492
 6452434.553485   1872166.371016
 6452438.275187   1872163.031540
 6452441.996888   1872159.692063
 6452445.718590   1872156.352587
 6452449.503152   1872153.084772
 6452453.306003   1872149.845074
 6452457.113069   1872146.603004
 6452460.920136   1872143.360935
 6452464.727203   1872140.118866
 6452468.534269   1872136.876797
 6452472.341336   1872133.634727
 6452476.148403   1872130.392658
 6452479.955470   1872127.150589
 6452483.744852   1872123.888325
 6452487.419686   1872120.606214
 6452491.167404   1872117.295450
 6452494.915122   1872113.984687
 6452498.662841   1872110.673923
 6452502.410559   1872107.363159
 6452506.158277   1872104.052395
 6452509.905995   1872100.741632
 6452513.653713   1872097.430868
 6452517.401431   1872094.120104
 6452521.178855   1872090.844085
 6452524.968029   1872087.576806
 6452528.754160   1872084.310987
 6452532.540290   1872081.045169
 6452536.326421   1872077.779350
 6452540.112551   1872074.513532
 6452543.898682   1872071.247713
 6452547.684812   1872067.981895
 6452551.470942   1872064.716076
 6452555.260792   1872061.454602
 6452559.071011   1872058.216924
 6452562.903728   1872054.953096
 6452566.703700   1872051.703269
 6452570.503672   1872048.453442
 6452574.303644   1872045.203615
 6452578.103616   1872041.953788
 6452581.903588   1872038.703960
 6452585.703560   1872035.454133
 6452589.503532   1872032.204306
 6452593.303504   1872028.954479
 6452597.152241   1872025.760890
 6452600.793330   1872022.865271
 6452604.736502   1872019.790693
 6452608.679673   1872016.716115
 6452612.622845   1872013.641538
 6452616.566017   1872010.566960
 6452620.509189   1872007.492382
 6452624.452361   1872004.417805
 6452628.442539   1872001.261879
 6452632.360068   1871998.154956
 6452636.275100   1871995.044881
 6452640.190132   1871991.934806
 6452644.105163   1871988.824731
 6452648.020195   1871985.714656
 6452651.935227   1871982.604581
 6452655.850258   1871979.494505
 6452659.765290   1871976.384430
 6452663.699702   1871973.255999
 6452667.607135   1871970.136384
 6452671.514568   1871967.016767
 6452675.422000   1871963.897150
 6452679.329432   1871960.777533
 6452683.236863   1871957.657916
 6452687.144295   1871954.538299
 6452691.051727   1871951.418682
 6452694.959159   1871948.299065
 6452698.866591   1871945.179448
 6452702.692684   1871942.160022
 6452706.635748   1871939.085142
 6452710.592587   1871936.028307
 6452714.555997   1871932.980078
 6452718.519407   1871929.931850
 6452722.482817   1871926.883621
 6452726.446228   1871923.835393
 6452730.409638   1871920.787164
 6452734.373048   1871917.738936
 6452738.336458   1871914.690707
 6452742.300233   1871911.642025
 6452746.273169   1871908.606275
 6452750.294245   1871905.633566
 6452754.315320   1871902.660858
 6452758.336396   1871899.688150
 6452762.357472   1871896.715442
 6452766.378548   1871893.742733
 6452770.399624   1871890.770025
 6452774.420700   1871887.797317
 6452778.441775   1871884.824608
 6452782.478480   1871881.830301
 6452786.457862   1871878.802854
 6452790.404806   1871875.733301
 6452794.351750   1871872.663747
 6452798.298693   1871869.594194
 6452802.245637   1871866.524641
 6452806.192580   1871863.455088
 6452810.139524   1871860.385535
 6452814.086467   1871857.315982
 6452817.951772   1871854.333568
 6452821.944846   1871851.323967
 6452825.979638   1871848.370844
 6452830.014429   1871845.417721
 6452834.049220   1871842.464598
 6452838.084011   1871839.511475
 6452842.118803   1871836.558352
 6452846.153594   1871833.605229
 6452850.188385   1871830.652106
 6452854.223176   1871827.698983
 6452858.212077   1871824.809592
 6452862.265315   1871821.881904
 6452866.318553   1871818.954216
 6452870.371790   1871816.026529
 6452874.425028   1871813.098841
 6452878.478266   1871810.171153
 6452882.531504   1871807.243465
 6452886.584742   1871804.315778
 6452890.637979   1871801.388090
