 6451026.956133   1873421.868049
 6451030.034474   1873417.927505
 6451033.162337   1873414.026676
 6451036.293835   1873410.128760
 6451039.425332   1873406.230845
 6451042.556829   1873402.332930
 6451045.688326   1873398.435014
 6451048.741170   1873394.651370
 6451051.919398   1873390.791064
 6451055.135616   1873386.962752
 6451058.377309   1873383.155892
 6451061.619001   1873379.349033
 6451064.885896   1873375.563398
 6451068.153186   1873371.778096
 6451071.420476   1873367.992793
 6451074.687766   1873364.207491
 6451077.955056   1873360.422188
 6451081.124528   1873356.774138
 6451084.443292   1873353.034369
 6451087.762056   1873349.294601
 6451091.080820   1873345.554832
 6451094.399584   1873341.815064
 6451097.718347   1873338.075295
 6451101.037111   1873334.335526
 6451104.355875   1873330.595758
 6451107.674639   1873326.855989
 6451110.993403   1873323.116221
 6451114.312167   1873319.376452
 6451117.630931   1873315.636683
 6451120.949695   1873311.896915
 6451124.268459   1873308.157146
 6451127.587222   1873304.417378
 6451130.905986   1873300.677609
 6451134.224750   1873296.937840
 6451137.543514   1873293.198072
 6451140.862278   1873289.458303
 6451144.181042   1873285.718535
 6451147.499806   1873281.978766
 6451150.797468   1873278.220211
 6451154.039874   1873274.595056
 6451157.393050   1873270.885285
 6451160.817717   1873267.242207
 6451164.242385   1873263.599129
 6451167.667053   1873259.956051
 6451171.091720   1873256.312973
 6451174.516388   1873252.669895
 6451177.941056   1873249.026817
 6451181.359893   1873245.378300
 6451184.707267   1873241.663117
 6451188.054641   1873237.947935
 6451191.444866   1873234.272727
 6451194.883012   1873230.642222
 6451198.321158   1873227.011717
 6451201.759304   1873223.381212
 6451205.197449   1873219.750708
 6451208.635595   1873216.120203
 6451212.073741   1873212.489698
 6451215.511887   1873208.859193
 6451218.828175   1873205.369703
 6451222.322655   1873201.793355
 6451225.817134   1873198.217008
 6451229.311614   1873194.640661
 6451232.806093   1873191.064313
 6451236.300573   1873187.487966
 6451239.795052   1873183.911619
 6451243.289532   1873180.335271
 6451246.784011   1873176.758924
 6451250.292446   1873173.196435
 6451253.850943   1873169.683665
 6451257.409441   1873166.170894
 6451260.961787   1873162.652014
 6451264.508316   1873159.127357
 6451268.054844   1873155.602699
 6451271.601372   1873152.078041
 6451275.147900   1873148.553383
 6451278.694428   1873145.028726
 6451282.240956   1873141.504068
 6451285.767911   1873137.959972
 6451289.175538   1873134.546290
 6451292.743543   1873131.042470
 6451296.360521   1873127.590269
 6451299.987929   1873124.149061
 6451303.615336   1873120.707853
 6451307.242744   1873117.266645
 6451310.870152   1873113.825437
 6451314.497559   1873110.384228
 6451318.124967   1873106.943020
 6451321.711274   1873103.458492
 6451325.293281   1873099.969430
 6451328.892347   1873096.498350
 6451332.545801   1873093.084594
 6451336.199254   1873089.670839
 6451339.852708   1873086.257083
 6451343.506161   1873082.843328
 6451347.159615   1873079.429573
 6451350.813068   1873076.015817
 6451354.427218   1873072.560635
 6451358.009659   1873069.072031
 6451361.592100   1873065.583427
 6451365.237377   1873062.161054
 6451368.893010   1873058.749596
 6451372.548643   1873055.338138
 6451376.204277   1873051.926680
 6451379.818746   1873048.594527
 6451383.498505   1873045.209352
 6451387.178263   1873041.824177
 6451390.841787   1873038.421395
 6451394.499768   1873035.012600
 6451398.161133   1873031.607476
 6451401.855190   1873028.237809
 6451405.549248   1873024.868143
 6451409.243305   1873021.498476
 6451412.937362   1873018.128810
 6451416.631419   1873014.759143
 6451420.325476   1873011.389477
 6451424.018929   1873008.019156
 6451427.681982   1873004.689001
 6451431.385984   1873001.330375
 6451435.086457   1872997.967858
 6451438.782903   1872994.600900
 6451442.479348   1872991.233941
 6451446.175793   1872987.866983
 6451449.872238   1872984.500024
 6451453.568683   1872981.133066
 6451457.315453   1872977.716287
 6451461.005810   1872974.342444
 6451464.716449   1872970.990437
 6451468.427088   1872967.638431
 6451472.137728   1872964.286424
 6451475.848367   1872960.934418
 6451479.559006   1872957.582411
 6451529.797853   1872913.482606
 6451533.568510   1872910.198968
 6451537.349423   1872906.927053
 6451541.130336   1872903.655137
 6451544.911250   1872900.383222
 6451548.692163   1872897.111306
 6451552.467560   1872893.833085
 6451556.210991   1872890.518329
 6451559.954423   1872887.203573
 6451563.697855   1872883.888817
 6451567.441286   1872880.574062
 6451571.184718   1872877.259306
 6451574.928150   1872873.944550
 6451578.671581   1872870.629794
 6451582.415013   1872867.315038
 6451586.166053   1872864.008978
 6451589.929019   1872860.716550
 6451593.691985   1872857.424121
 6451597.454951   1872854.131692
 6451601.217917   1872850.839263
 6451604.980883   1872847.546835
 6451608.743849   1872844.254406
 6451612.506815   1872840.961977
 6451616.269781   1872837.669549
 6451620.032747   1872834.377120
 6451623.800002   1872831.089593
 6451627.567641   1872827.802505
 6451631.335280   1872824.515418
 6451635.102920   1872821.228331
 6451638.870559   1872817.941244
 6451642.638198   1872814.654157
 6451646.405838   1872811.367069
 6451650.173477   1872808.079982
 6451653.941116   1872804.792895
 6451657.711957   1872801.509466
 6451661.486418   1872798.230177
 6451665.260880   1872794.950887
 6451669.035342   1872791.671598
 6451672.809803   1872788.392308
 6451676.584265   1872785.113019
 6451680.358726   1872781.833729
 6451684.133188   1872778.554440
 6451687.907650   1872775.275150
 6451691.682111   1872771.995860
 6451695.437956   1872768.695292
 6451699.190935   1872765.391448
 6451702.943913   1872762.087604
 6451706.696892   1872758.783761
 6451710.449871   1872755.479917
 6451714.202850   1872752.176073
 6451717.955829   1872748.872229
 6451721.708808   1872745.568385
 6451725.461786   1872742.264542
 6451729.215653   1872738.961713
 6451732.973969   1872735.663969
 6451736.732285   1872732.366225
 6451740.490601   1872729.068482
 6451744.248916   1872725.770738
 6451748.007232   1872722.472994
 6451751.765548   1872719.175250
 6451755.523864   1872715.877507
 6451759.282180   1872712.579763
 6451763.040496   1872709.282019
 6451766.799614   1872705.985193
 6451770.569895   1872702.701125
 6451774.340176   1872699.417057
 6451778.110457   1872696.132989
 6451781.880738   1872692.848921
 6451785.651019   1872689.564853
 6451789.421300   1872686.280785
 6451793.191581   1872682.996718
 6451796.961862   1872679.712650
 6451800.732143   1872676.428582
 6451804.491861   1872673.132440
 6451808.247573   1872669.831720
 6451812.003285   1872666.531001
 6451815.758997   1872663.230281
 6451819.514709   1872659.929561
 6451823.270421   1872656.628841
 6451827.026133   1872653.328121
 6451830.781845   1872650.027401
 6451834.537557   1872646.726681
 6451838.308136   1872643.442955
 6451842.111740   1872640.196973
 6451845.915343   1872636.950992
 6451849.718946   1872633.705011
 6451853.522549   1872630.459029
 6451857.326153   1872627.213048
 6451861.115724   1872623.951028
 6451864.875738   1872620.655226
 6451868.635753   1872617.359423
 6451872.395767   1872614.063621
 6451876.155781   1872610.767818
 6451879.915795   1872607.472016
 6451883.675810   1872604.176213
 6451887.434362   1872600.878740
 6451891.178768   1872597.565098
 6451894.923175   1872594.251456
 6451898.667581   1872590.937814
 6451902.411987   1872587.624172
 6451906.156393   1872584.310530
 6451909.900800   1872580.996888
 6451913.645206   1872577.683246
 6451917.389612   1872574.369604
 6451921.134019   1872571.055962
 6451924.878425   1872567.742320
 6451928.637415   1872564.445348
 6451932.410309   1872561.164266
 6451936.183203   1872557.883185
 6451939.956096   1872554.602103
 6451943.728990   1872551.321021
 6451947.501884   1872548.039940
 6451951.274778   1872544.758858
 6451955.047671   1872541.477776
 6451958.820565   1872538.196695
 6451962.590996   1872534.912799
 6451966.351530   1872531.617590
 6451970.112064   1872528.322382
 6451973.872598   1872525.027173
 6451977.633132   1872521.731965
 6451981.393666   1872518.436756
 6451985.154200   1872515.141548
 6451988.914734   1872511.846339
 6451992.675268   1872508.551131
 6451996.435802   1872505.255922
 6452000.194021   1872501.958068
 6452003.951219   1872498.659047
 6452007.708418   1872495.360026
 6452011.465616   1872492.061005
 6452015.222814   1872488.761984
 6452018.980012   1872485.462962
 6452022.737210   1872482.163941
 6452026.494408   1872478.864920
 6452030.251607   1872475.565899
 6452034.009212   1872472.267343
 6452037.776729   1872468.980116
 6452041.544247   1872465.692890
 6452045.311765   1872462.405664
 6452049.079282   1872459.118437
 6452052.846800   1872455.831211
 6452056.616223   1872452.540995
 6452060.382807   1872449.252696
 6452064.149392   1872445.964397
 6452067.915976   1872442.676099
 6452071.678109   1872439.382718
 6452075.437683   1872436.086415
 6452079.197256   1872432.790112
 6452082.956830   1872429.493809
 6452086.716403   1872426.197506
 6452090.475977   1872422.901203
 6452094.235550   1872419.604900
 6452097.995124   1872416.308597
 6452101.754697   1872413.012294
 6452105.514271   1872409.715992
 6452109.276388   1872406.422593
 6452113.040541   1872403.131518
 6452116.804694   1872399.840443
 6452120.568846   1872396.549368
 6452124.332999   1872393.258293
 6452128.097152   1872389.967218
 6452131.861305   1872386.676143
 6452135.625457   1872383.385068
 6452139.389610   1872380.093993
 6452143.153763   1872376.802918
 6452146.922842   1872373.517467
 6452150.694375   1872370.234818
 6452154.465908   1872366.952169
 6452158.237442   1872363.669520
 6452162.008975   1872360.386872
 6452165.780508   1872357.104223
 6452169.552042   1872353.821574
 6452173.323575   1872350.538925
 6452177.095108   1872347.256276
 6452180.866642   1872343.973627
 6452184.627863   1872340.679206
 6452188.385240   1872337.380395
 6452192.142617   1872334.081584
 6452195.899993   1872330.782773
 6452199.657370   1872327.483962
 6452203.414747   1872324.185152
 6452207.172124   1872320.886341
 6452210.929501   1872317.587530
 6452214.686877   1872314.288719
 6452218.461875   1872310.950057
 6452222.203274   1872307.633139
 6452225.944672   1872304.316220
 6452229.686070   1872300.999302
 6452233.427468   1872297.682384
 6452237.168866   1872294.365466
 6452240.910264   1872291.048548
 6452244.651662   1872287.731630
 6452248.393061   1872284.414712
 6452252.140777   1872281.104914
 6452255.910492   1872277.819907
 6452259.680207   1872274.534900
 6452263.449923   1872271.249893
 6452267.219638   1872267.964886
 6452270.989354   1872264.679880
 6452274.759069   1872261.394873
 6452278.528784   1872258.109866
 6452282.298500   1872254.824859
 6452286.068215   1872251.539852
 6452289.836532   1872248.253269
 6452293.594150   1872244.954630
 6452297.351768   1872241.655990
 6452301.109386   1872238.357350
 6452304.867004   1872235.058710
 6452308.624621   1872231.760070
 6452312.334807   1872228.536578
 6452316.113066   1872225.261706
 6452319.891325   1872221.986835
 6452323.668366   1872218.710556
 6452327.432822   1872215.419730
 6452331.197278   1872212.128903
 6452334.961733   1872208.838076
 6452338.726189   1872205.547250
 6452342.490645   1872202.256423
 6452346.255100   1872198.965596
 6452350.019556   1872195.674770
 6452353.784012   1872192.383943
 6452357.548467   1872189.093116
 6452361.323380   1872185.814377
 6452365.106798   1872182.545469
 6452368.890216   1872179.276562
 6452372.673634   1872176.007654
 6452376.457052   1872172.738746
 6452380.240470   1872169.469838
 6452384.023888   1872166.200931
 6452387.807306   1872162.932023
 6452391.590724   1872159.663115
 6452395.374142   1872156.394207
 6452399.143921   1872153.109534
 6452402.910196   1872149.820810
 6452406.686959   1872146.513164
 6452410.448036   1872143.218542
 6452414.209112   1872139.923920
 6452417.970189   1872136.629298
 6452421.731265   1872133.334676
 6452425.492342   1872130.040054
 6452429.253418   1872126.745432
 6452433.017057   1872123.453753
 6452436.784026   1872120.165899
 6452440.550994   1872116.878045
 6452444.317963   1872113.590191
 6452448.084932   1872110.302337
 6452451.851900   1872107.014482
 6452455.618869   1872103.726628
 6452459.385838   1872100.438774
 6452463.152807   1872097.150920
 6452466.919775   1872093.863066
 6452470.683946   1872090.571998
 6452474.441702   1872087.273562
 6452478.199459   1872083.975127
 6452481.957215   1872080.676691
 6452485.714971   1872077.378256
 6452489.472728   1872074.079820
 6452493.230484   1872070.781385
 6452496.988240   1872067.482949
 6452500.745997   1872064.184514
 6452504.508362   1872060.891373
 6452508.280709   1872057.609696
 6452512.053056   1872054.328019
 6452515.825403   1872051.046342
 6452519.597750   1872047.764665
 6452523.370096   1872044.482988
 6452527.142443   1872041.201311
 6452530.857167   1872038.009719
 6452534.656933   1872034.759587
 6452538.456700   1872031.509455
 6452542.256940   1872028.259885
 6452546.087625   1872025.046488
 6452549.918310   1872021.833091
 6452553.748995   1872018.619694
 6452557.579680   1872015.406297
 6452561.410365   1872012.192900
 6452565.241050   1872008.979504
 6452569.071735   1872005.766107
 6452572.902420   1872002.552710
 6452576.733105   1871999.339313
 6452580.573869   1871996.137891
 6452584.423114   1871992.946546
 6452588.272359   1871989.755201
 6452592.121604   1871986.563855
 6452595.970848   1871983.372510
 6452599.820093   1871980.181165
 6452603.669338   1871976.989819
 6452607.518583   1871973.798474
 6452611.367828   1871970.607129
 6452615.218344   1871967.417294
 6452619.071622   1871964.230740
 6452622.924899   1871961.044185
 6452626.778176   1871957.857631
 6452630.631453   1871954.671076
 6452634.265217   1871951.785712
 6452638.204422   1871948.704913
 6452642.143626   1871945.624113
 6452646.082830   1871942.543314
 6452650.022035   1871939.462514
 6452653.984348   1871936.412423
 6452657.989242   1871933.418916
 6452661.994136   1871930.425408
 6452665.999029   1871927.431900
 6452670.003923   1871924.438392
 6452674.008817   1871921.444885
 6452678.013711   1871918.451377
 6452682.018604   1871915.457869
 6452686.023498   1871912.464361
 6452690.028392   1871909.470854
 6452694.012493   1871906.449716
 6452697.980207   1871903.406802
 6452701.947922   1871900.363887
 6452705.915636   1871897.320973
 6452709.883350   1871894.278059
 6452713.851064   1871891.235145
 6452717.818778   1871888.192231
 6452721.786492   1871885.149317
 6452725.754207   1871882.106402
 6452729.701651   1871879.108205
 6452733.704820   1871876.112343
 6452737.707989   1871873.116481
 6452741.711157   1871870.120618
 6452745.714326   1871867.124756
 6452749.717495   1871864.128894
 6452753.720664   1871861.133031
 6452757.723833   1871858.137169
 6452761.727001   1871855.141307
 6452765.730170   1871852.145444
 6452769.730240   1871849.145400
 6452773.729367   1871846.144084
 6452777.728495   1871843.142769
 6452781.727622   1871840.141453
 6452785.726750   1871837.140138
 6452789.725877   1871834.138822
 6452793.725005   1871831.137507
 6452797.724133   1871828.136191
 6452801.723260   1871825.134875
 6452805.742602   1871822.160837
 6452809.790377   1871819.225166
 6452813.838151   1871816.289494
 6452817.885926   1871813.353823
 6452821.933700   1871810.418152
 6452825.981475   1871807.482480
 6452830.029249   1871804.546809
 6452834.077024   1871801.611137
 6452838.124799   1871798.675466
 6452842.090319   1871795.800323
 6452846.144619   1871792.874018
 6452850.198920   1871789.947714
 6452854.253221   1871787.021409
 6452858.307521   1871784.095105
 6452862.361822   1871781.168801
 6452866.416122   1871778.242496
 6452870.470423   1871775.316192
 6452874.524723   1871772.389887
 6452878.579024   1871769.463583
