 6451064.987709   1873410.137447
 6451068.232958   1873406.332856
 6451071.478208   1873402.528266
 6451074.747956   1873398.655710
 6451077.983266   1873394.843404
 6451081.263943   1873391.070072
 6451084.544621   1873387.296740
 6451087.825299   1873383.523407
 6451091.105977   1873379.750075
 6451094.386655   1873375.976743
 6451097.692124   1873372.141870
 6451100.951241   1873368.349566
 6451104.116320   1873364.681090
 6451107.427430   1873360.934536
 6451110.732723   1873357.182818
 6451114.034998   1873353.428422
 6451117.337273   1873349.674026
 6451120.639548   1873345.919629
 6451123.941823   1873342.165233
 6451127.244098   1873338.410836
 6451130.546373   1873334.656440
 6451133.848649   1873330.902044
 6451137.150924   1873327.147647
 6451140.453199   1873323.393251
 6451143.752383   1873319.636111
 6451147.051157   1873315.878607
 6451150.364583   1873312.134108
 6451153.725443   1873308.431714
 6451157.086303   1873304.729320
 6451160.499627   1873300.937094
 6451163.826336   1873297.202997
 6451167.153045   1873293.468899
 6451170.369195   1873290.027326
 6451173.776987   1873286.368277
 6451177.152056   1873282.678245
 6451180.527125   1873278.988214
 6451183.922657   1873275.317556
 6451187.358265   1873271.684843
 6451190.793872   1873268.052129
 6451194.379628   1873264.101075
 6451197.702862   1873260.362193
 6451200.764982   1873256.983307
 6451204.227017   1873253.375559
 6451207.663938   1873249.743330
 6451211.064083   1873246.075253
 6451214.464227   1873242.407176
 6451217.952827   1873238.825322
 6451221.458995   1873235.260593
 6451224.965162   1873231.695865
 6451228.471330   1873228.131136
 6451231.977498   1873224.566407
 6451235.483666   1873221.001678
 6451238.989834   1873217.436949
 6451242.417707   1873213.795900
 6451245.829738   1873210.139410
 6451249.270468   1873206.510894
 6451252.800216   1873202.969151
 6451256.329964   1873199.427407
 6451259.859712   1873195.885663
 6451263.389460   1873192.343920
 6451266.919208   1873188.802176
 6451270.448956   1873185.260433
 6451273.950546   1873181.691241
 6451277.320378   1873177.993617
 6451280.690211   1873174.295993
 6451284.168714   1873170.704297
 6451287.724163   1873167.187606
 6451291.279612   1873163.670915
 6451294.815790   1873160.195643
 6451298.384691   1873156.693058
 6451301.800673   1873153.362989
 6451305.439858   1873149.934106
 6451309.083101   1873146.509583
 6451312.729103   1873143.088022
 6451316.375104   1873139.666461
 6451320.021105   1873136.244900
 6451323.667106   1873132.823338
 6451327.353162   1873129.358626
 6451330.980743   1873125.917594
 6451334.608325   1873122.476563
 6451338.235907   1873119.035532
 6451341.863488   1873115.594500
 6451345.478828   1873112.140598
 6451349.093639   1873108.686140
 6451352.708450   1873105.231682
 6451356.323261   1873101.777224
 6451359.938072   1873098.322766
 6451363.552883   1873094.868307
 6451367.167694   1873091.413849
 6451370.755652   1873088.026267
 6451374.391423   1873084.593638
 6451378.030974   1873081.165081
 6451381.700674   1873077.769001
 6451385.370375   1873074.372921
 6451389.040075   1873070.976841
 6451392.709776   1873067.580761
 6451396.379476   1873064.184681
 6451400.049176   1873060.788601
 6451403.709419   1873057.403904
 6451407.383760   1873054.012854
 6451411.058101   1873050.621805
 6451414.734395   1873047.232870
 6451418.421672   1873043.855832
 6451422.108949   1873040.478793
 6451425.796226   1873037.101755
 6451429.483503   1873033.724716
 6451433.170780   1873030.347678
 6451436.858057   1873026.970639
 6451440.525735   1873023.616612
 6451444.222177   1873020.249662
 6451447.918620   1873016.882712
 6451451.615062   1873013.515762
 6451455.311505   1873010.148812
 6451459.007947   1873006.781861
 6451462.697033   1873003.406856
 6451466.385492   1873000.031163
 6451470.073950   1872996.655469
 6451473.716708   1872993.383124
 6451477.436875   1872990.042001
 6451481.157042   1872986.700878
 6451484.877209   1872983.359755
 6451488.597376   1872980.018632
 6451492.317543   1872976.677509
 6451496.037710   1872973.336386
 6451499.792430   1872970.034557
 6451503.548152   1872966.733866
 6451507.341471   1872963.395729
 6451511.080245   1872960.075744
 6451514.819020   1872956.755759
 6451518.557794   1872953.435773
 6451522.296569   1872950.115788
 6451526.035343   1872946.795803
 6451529.774118   1872943.475818
 6451533.511689   1872940.154492
 6451537.248368   1872936.832173
 6451540.985047   1872933.509854
 6451544.687244   1872930.228555
 6451548.440101   1872926.924608
 6451552.192958   1872923.620661
 6451555.945815   1872920.316714
 6451559.698671   1872917.012767
 6451563.451528   1872913.708819
 6451567.204385   1872910.404872
 6451570.961877   1872907.106192
 6451574.721630   1872903.810079
 6451578.481383   1872900.513966
 6451582.226084   1872897.235286
 6451585.992728   1872893.947065
 6451589.759371   1872890.658844
 6451593.526014   1872887.370623
 6451597.292658   1872884.082402
 6451601.059301   1872880.794181
 6451604.825944   1872877.505960
 6451608.571375   1872874.193434
 6451612.315997   1872870.879983
 6451616.060619   1872867.566531
 6451619.789831   1872864.276704
 6451623.542996   1872860.972776
 6451627.296162   1872857.668847
 6451631.049327   1872854.364919
 6451634.802492   1872851.060991
 6451638.555658   1872847.757063
 6451642.318840   1872844.464731
 6451646.125812   1872841.223092
 6451649.932784   1872837.981453
 6451653.775712   1872834.704832
 6451657.567023   1872831.444533
 6451661.358334   1872828.184235
 6451665.149645   1872824.923936
 6451668.940956   1872821.663638
 6451672.732266   1872818.403339
 6451676.523577   1872815.143041
 6451680.283004   1872811.846551
 6451684.030205   1872808.536183
 6451687.777405   1872805.225816
 6451691.558409   1872801.880903
 6451695.291061   1872798.554112
 6451699.023713   1872795.227321
 6451702.756365   1872791.900531
 6451706.489017   1872788.573740
 6451710.221669   1872785.246949
 6451713.954321   1872781.920159
 6451717.705858   1872778.614428
 6451721.462697   1872775.314612
 6451725.156239   1872772.079408
 6451728.938757   1872768.809438
 6451732.721275   1872765.539468
 6451736.503792   1872762.269498
 6451740.286310   1872758.999529
 6451744.068828   1872755.729559
 6451747.851346   1872752.459589
 6451751.627491   1872749.182284
 6451755.373868   1872745.870709
 6451759.120245   1872742.559135
 6451762.883999   1872739.229220
 6451766.622958   1872735.909398
 6451770.361918   1872732.589577
 6451774.100877   1872729.269756
 6451777.839836   1872725.949934
 6451781.578795   1872722.630113
 6451785.317754   1872719.310292
 6451789.059387   1872715.993520
 6451792.804548   1872712.680775
 6451796.549710   1872709.368031
 6451800.270572   1872706.089624
 6451804.028389   1872702.791056
 6451807.786205   1872699.492487
 6451811.544022   1872696.193919
 6451815.301838   1872692.895351
 6451819.059655   1872689.596783
 6451822.817471   1872686.298215
 6451826.603412   1872683.032230
 6451830.396348   1872679.774350
 6451834.189284   1872676.516470
 6451837.982221   1872673.258591
 6451841.775157   1872670.000711
 6451845.568093   1872666.742831
 6451849.361030   1872663.484952
 6451853.153966   1872660.227072
 6451856.946902   1872656.969193
 6451860.739256   1872653.710638
 6451864.529936   1872650.450145
 6451868.320617   1872647.189652
 6451872.111297   1872643.929159
 6451875.945680   1872640.591000
 6451879.710462   1872637.300292
 6451883.475245   1872634.009584
 6451887.240027   1872630.718876
 6451891.004809   1872627.428168
 6451894.769591   1872624.137460
 6451898.528699   1872620.840386
 6451902.265857   1872617.518685
 6451906.003015   1872614.196983
 6451909.734015   1872610.886518
 6451913.474748   1872607.568850
 6451917.215481   1872604.251183
 6451920.956214   1872600.933515
 6451924.696947   1872597.615847
 6451928.437680   1872594.298180
 6451932.178413   1872590.980512
 6451935.913580   1872587.656572
 6451939.646002   1872584.329539
 6451943.275129   1872581.108739
 6451947.051729   1872577.831047
 6451950.828329   1872574.553356
 6451954.604929   1872571.275664
 6451958.381529   1872567.997972
 6451962.158130   1872564.720281
 6451965.934730   1872561.442589
 6451969.716228   1872558.170721
 6451973.511796   1872554.915578
 6451977.307364   1872551.660436
 6451981.238803   1872548.283072
 6451984.972903   1872544.957628
 6451988.707003   1872541.632184
 6451992.441103   1872538.306740
 6451996.175202   1872534.981296
 6451999.909302   1872531.655852
 6452003.643402   1872528.330408
 6452007.378839   1872525.006439
 6452011.138895   1872521.709612
 6452014.898951   1872518.412784
 6452018.618962   1872515.170101
 6452022.398541   1872511.896310
 6452026.178119   1872508.622520
 6452029.957697   1872505.348730
 6452033.737276   1872502.074940
 6452037.516854   1872498.801149
 6452041.296433   1872495.527359
 6452045.047630   1872492.221509
 6452048.781890   1872488.896527
 6452052.516151   1872485.571545
 6452056.201842   1872482.343517
 6452059.965324   1872479.051164
 6452063.728806   1872475.758811
 6452067.492289   1872472.466458
 6452071.255771   1872469.174105
 6452075.019253   1872465.881752
 6452078.782735   1872462.589399
 6452082.545887   1872459.296660
 6452086.308943   1872456.003808
 6452090.071999   1872452.710955
 6452093.861793   1872449.353890
 6452097.604627   1872446.038470
 6452101.347461   1872442.723050
 6452105.090295   1872439.407630
 6452108.833128   1872436.092210
 6452112.575962   1872432.776790
 6452116.326613   1872429.470297
 6452120.128557   1872426.222380
 6452123.930500   1872422.974462
 6452127.725358   1872419.737111
 6452131.531104   1872416.493757
 6452135.336851   1872413.250402
 6452139.142597   1872410.007048
 6452142.948343   1872406.763693
 6452146.754089   1872403.520339
 6452150.559836   1872400.276985
 6452154.328006   1872396.990513
 6452158.077271   1872393.682347
 6452161.832350   1872390.368896
 6452165.579208   1872387.058036
 6452169.326065   1872383.747176
 6452173.072922   1872380.436316
 6452176.819780   1872377.125456
 6452180.566637   1872373.814596
 6452184.313495   1872370.503736
 6452188.060352   1872367.192876
 6452191.823459   1872363.900607
 6452195.597898   1872360.621304
 6452199.389365   1872357.326196
 6452203.156609   1872354.038563
 6452206.923854   1872350.750929
 6452210.691099   1872347.463296
 6452214.458343   1872344.175662
 6452218.225588   1872340.888029
 6452221.992833   1872337.600395
 6452225.761514   1872334.314391
 6452229.536976   1872331.036076
 6452233.312438   1872327.757761
 6452237.015780   1872324.589633
 6452240.828265   1872321.354619
 6452244.640749   1872318.119606
 6452248.453234   1872314.884592
 6452252.265719   1872311.649579
 6452256.078203   1872308.414566
 6452259.890688   1872305.179552
 6452263.701436   1872301.942477
 6452267.503518   1872298.695110
 6452271.305600   1872295.447743
 6452275.209824   1872292.071969
 6452278.962194   1872288.767215
 6452282.714565   1872285.462461
 6452286.466936   1872282.157707
 6452290.219307   1872278.852953
 6452293.971677   1872275.548199
 6452297.724048   1872272.243445
 6452301.458761   1872268.918970
 6452305.184455   1872265.584423
 6452308.923822   1872262.234461
 6452312.643412   1872258.893091
 6452316.363002   1872255.551720
 6452320.082592   1872252.210350
 6452323.802182   1872248.868980
 6452327.521772   1872245.527610
 6452331.241363   1872242.186240
 6452334.960953   1872238.844870
 6452338.707284   1872235.533146
 6452342.458585   1872232.226932
 6452346.108119   1872229.058364
 6452349.906384   1872225.806689
 6452353.704650   1872222.555015
 6452357.502916   1872219.303340
 6452361.301182   1872216.051666
 6452365.099447   1872212.799992
 6452368.897713   1872209.548317
 6452372.690465   1872206.290164
 6452376.452241   1872202.995617
 6452380.214018   1872199.701070
 6452384.009116   1872196.345347
 6452387.750989   1872193.028712
 6452391.492862   1872189.712078
 6452395.234736   1872186.395443
 6452398.976609   1872183.078809
 6452402.718482   1872179.762174
 6452406.460355   1872176.445540
 6452410.207741   1872173.135228
 6452413.971550   1872169.843754
 6452417.737635   1872166.550255
 6452421.500477   1872163.257679
 6452425.263319   1872159.965103
 6452429.026161   1872156.672527
 6452432.789004   1872153.379951
 6452436.551846   1872150.087375
 6452440.314688   1872146.794799
 6452444.077578   1872143.502278
 6452447.841802   1872140.211285
 6452451.606027   1872136.920293
 6452455.390982   1872133.606634
 6452459.145427   1872130.304475
 6452462.899873   1872127.002316
 6452466.654318   1872123.700157
 6452470.408764   1872120.397997
 6452474.163209   1872117.095838
 6452477.917655   1872113.793679
 6452481.682144   1872110.502889
 6452485.456186   1872107.222914
 6452489.230228   1872103.942938
 6452493.002295   1872100.667253
 6452496.777648   1872097.388810
 6452500.553000   1872094.110367
 6452504.328353   1872090.831924
 6452508.103705   1872087.553481
 6452511.879057   1872084.275038
 6452515.654410   1872080.996595
 6452519.428922   1872077.717199
 6452523.203291   1872074.437642
 6452526.953263   1872071.186785
 6452530.738274   1872067.919659
 6452534.523286   1872064.652534
 6452538.308297   1872061.385408
 6452542.093309   1872058.118283
 6452545.878321   1872054.851157
 6452549.663332   1872051.584032
 6452553.448344   1872048.316907
 6452557.225134   1872045.040335
 6452560.840188   1872041.901306
 6452564.674213   1872038.690749
 6452568.508238   1872035.480193
 6452572.342263   1872032.269636
 6452576.176288   1872029.059079
 6452580.010313   1872025.848522
 6452583.844338   1872022.637966
 6452587.678363   1872019.427409
 6452591.516864   1872016.222389
 6452595.445491   1872013.128842
 6452599.374117   1872010.035296
 6452603.303606   1872006.940481
 6452607.231816   1872003.846391
 6452611.160026   1872000.752300
 6452615.088236   1871997.658210
 6452619.010550   1871994.556833
 6452622.913794   1871991.431880
 6452626.817038   1871988.306928
 6452630.720282   1871985.181975
 6452634.623525   1871982.057022
 6452638.526769   1871978.932070
 6452642.430013   1871975.807117
 6452646.333256   1871972.682164
 6452650.236500   1871969.557212
 6452654.139744   1871966.432259
 6452658.038742   1871963.302058
 6452661.934315   1871960.167623
 6452665.829887   1871957.033188
 6452669.725460   1871953.898752
 6452673.621033   1871950.764317
 6452677.380097   1871947.796161
 6452681.331233   1871944.731154
 6452685.282370   1871941.666146
 6452689.233506   1871938.601138
 6452693.184643   1871935.536130
 6452697.162200   1871932.506269
 6452701.147718   1871929.486999
 6452705.133236   1871926.467729
 6452709.143140   1871923.416720
 6452713.117999   1871920.383488
 6452717.092858   1871917.350256
 6452721.067717   1871914.317023
 6452725.042576   1871911.283791
 6452729.017435   1871908.250559
 6452732.992294   1871905.217327
 6452736.967022   1871902.183924
 6452740.941719   1871899.150478
 6452744.916415   1871896.117032
 6452748.891111   1871893.083587
 6452752.865807   1871890.050141
 6452756.840503   1871887.016696
 6452760.822693   1871883.973565
 6452764.794115   1871880.935832
 6452768.765537   1871877.898099
 6452772.736333   1871874.859549
 6452776.701245   1871871.813318
 6452780.666156   1871868.767087
 6452784.631067   1871865.720856
 6452788.595978   1871862.674624
 6452792.560889   1871859.628393
 6452796.525800   1871856.582162
 6452800.490711   1871853.535931
 6452804.375468   1871850.596594
 6452808.376415   1871847.597137
 6452812.395621   1871844.622714
 6452816.426409   1871841.664171
 6452820.457196   1871838.705628
 6452824.487984   1871835.747085
 6452828.518772   1871832.788542
 6452832.549560   1871829.829999
 6452836.605479   1871826.850000
 6452840.626891   1871823.878763
 6452844.648302   1871820.907527
 6452848.670676   1871817.937591
 6452852.710763   1871814.991624
 6452856.750851   1871812.045656
 6452860.790939   1871809.099689
 6452864.831027   1871806.153722
 6452868.871115   1871803.207755
 6452872.911203   1871800.261788
 6452876.951291   1871797.315821
 6452880.991378   1871794.369854
