 6451055.255444   1873404.498996
 6451058.477554   1873400.674007
 6451061.699664   1873396.849019
 6451064.845189   1873393.210071
 6451068.105470   1873389.419216
 6451071.323148   1873385.692955
 6451074.608803   1873381.923899
 6451077.894459   1873378.154842
 6451081.180114   1873374.385786
 6451084.465769   1873370.616730
 6451087.745580   1873366.842504
 6451091.009712   1873363.054408
 6451094.273843   1873359.266312
 6451097.572570   1873355.508818
 6451100.888589   1873351.766622
 6451104.204609   1873348.024426
 6451107.520628   1873344.282230
 6451110.836648   1873340.540034
 6451114.152668   1873336.797838
 6451117.468687   1873333.055642
 6451120.784707   1873329.313445
 6451124.100727   1873325.571249
 6451127.416746   1873321.829053
 6451130.732766   1873318.086857
 6451134.048785   1873314.344661
 6451137.364805   1873310.602465
 6451140.680825   1873306.860269
 6451143.996844   1873303.118072
 6451147.312864   1873299.375876
 6451150.628884   1873295.633680
 6451153.910281   1873291.860858
 6451157.231649   1873288.028959
 6451160.532301   1873284.272879
 6451163.884629   1873280.561312
 6451167.106686   1873277.090294
 6451170.544786   1873273.459941
 6451173.982887   1873269.829587
 6451177.420987   1873266.199234
 6451180.859088   1873262.568880
 6451184.281667   1873258.923824
 6451187.607322   1873255.186953
 6451191.036769   1873251.243335
 6451194.400264   1873247.542181
 6451197.789150   1873243.863121
 6451201.065143   1873240.459190
 6451204.542836   1873236.866704
 6451208.020529   1873233.274219
 6451211.498222   1873229.681733
 6451214.975915   1873226.089248
 6451218.453607   1873222.496763
 6451221.931300   1873218.904277
 6451225.408993   1873215.311792
 6451228.886686   1873211.719307
 6451232.364379   1873208.126821
 6451235.842072   1873204.534336
 6451239.319765   1873200.941850
 6451242.797458   1873197.349365
 6451246.275151   1873193.756880
 6451249.752844   1873190.164394
 6451253.230536   1873186.571909
 6451256.708229   1873182.979423
 6451260.084795   1873179.583062
 6451263.627082   1873176.053540
 6451267.195864   1873172.496588
 6451270.726077   1873168.955297
 6451274.256291   1873165.414007
 6451277.786504   1873161.872717
 6451281.316718   1873158.331427
 6451284.849735   1873154.792995
 6451288.393610   1873151.265632
 6451292.000154   1873147.667618
 6451295.554394   1873144.150256
 6451299.139344   1873140.663110
 6451302.607069   1873137.331039
 6451306.250778   1873133.907015
 6451309.894487   1873130.482992
 6451313.538196   1873127.058969
 6451317.181905   1873123.634946
 6451320.817204   1873120.202057
 6451324.442467   1873116.758587
 6451328.154410   1873113.189827
 6451331.734228   1873109.698576
 6451335.314045   1873106.207326
 6451338.776217   1873102.943038
 6451342.427556   1873099.526985
 6451346.078895   1873096.110932
 6451349.730235   1873092.694880
 6451353.381574   1873089.278827
 6451357.032914   1873085.862774
 6451360.849199   1873082.287725
 6451364.450866   1873078.818358
 6451368.052533   1873075.348990
 6451371.503878   1873072.080301
 6451375.177868   1873068.688842
 6451378.851858   1873065.297382
 6451382.525847   1873061.905923
 6451386.199837   1873058.514463
 6451389.873827   1873055.123003
 6451393.547816   1873051.731544
 6451397.270773   1873048.285150
 6451400.927598   1873044.875129
 6451404.584424   1873041.465108
 6451408.175951   1873038.165324
 6451411.868878   1873034.794404
 6451415.561804   1873031.423485
 6451419.254730   1873028.052565
 6451422.947657   1873024.681646
 6451426.640583   1873021.310727
 6451430.333509   1873017.939807
 6451434.037781   1873014.562653
 6451437.736017   1873011.197667
 6451441.452048   1873007.815181
 6451445.142698   1873004.441889
 6451448.833349   1873001.068597
 6451452.524000   1872997.695304
 6451456.214651   1872994.322012
 6451459.905302   1872990.948720
 6451463.603361   1872987.583526
 6451467.325683   1872984.244852
 6451470.996173   1872981.018368
 6451474.751709   1872977.717465
 6451478.507244   1872974.416563
 6451482.262779   1872971.115660
 6451486.018314   1872967.814758
 6451489.773849   1872964.513855
 6451493.529384   1872961.212953
 6451497.284920   1872957.912051
 6451501.034466   1872954.604332
 6451504.795118   1872951.252365
 6451508.522444   1872947.919628
 6451512.249770   1872944.586890
 6451515.977096   1872941.254152
 6451519.704422   1872937.921414
 6451523.431748   1872934.588677
 6451527.159074   1872931.255939
 6451530.886399   1872927.923201
 6451534.613725   1872924.590463
 6451538.350263   1872921.268069
 6451542.043075   1872918.059489
 6451545.819122   1872914.781889
 6451549.595169   1872911.504288
 6451553.371216   1872908.226687
 6451557.147263   1872904.949086
 6451560.999074   1872901.574525
 6451564.737513   1872898.254199
 6451568.475953   1872894.933873
 6451572.214393   1872891.613547
 6451575.956703   1872888.297539
 6451579.702135   1872884.985016
 6451583.447568   1872881.672493
 6451587.193001   1872878.359970
 6451590.938433   1872875.047447
 6451594.646678   1872871.792616
 6451598.411616   1872868.502442
 6451602.176555   1872865.212267
 6451605.941494   1872861.922093
 6451609.706432   1872858.631919
 6451613.478020   1872855.349344
 6451617.251385   1872852.068800
 6451621.024750   1872848.788255
 6451624.798114   1872845.507711
 6451628.560133   1872842.238553
 6451632.338137   1872838.963379
 6451636.116141   1872835.688205
 6451639.894145   1872832.413031
 6451643.672149   1872829.137858
 6451647.444336   1872825.855998
 6451651.206348   1872822.562442
 6451654.968359   1872819.268886
 6451658.730370   1872815.975329
 6451662.492381   1872812.681773
 6451666.241861   1872809.409207
 6451670.010721   1872806.123424
 6451673.779581   1872802.837641
 6451677.548440   1872799.551859
 6451681.317300   1872796.266076
 6451685.080990   1872792.974301
 6451688.835514   1872789.671903
 6451692.590039   1872786.369504
 6451696.344563   1872783.067106
 6451700.147774   1872779.715891
 6451703.880520   1872776.389205
 6451707.613266   1872773.062519
 6451711.346012   1872769.735833
 6451715.078758   1872766.409147
 6451718.822669   1872763.095066
 6451722.581524   1872759.797856
 6451726.340379   1872756.500646
 6451730.099234   1872753.203436
 6451733.858089   1872749.906226
 6451737.606131   1872746.622889
 6451741.370301   1872743.331797
 6451745.134471   1872740.040706
 6451748.898641   1872736.749615
 6451752.662811   1872733.458523
 6451756.423996   1872730.164040
 6451760.180838   1872726.864621
 6451763.937679   1872723.565201
 6451767.694520   1872720.265782
 6451771.451361   1872716.966363
 6451775.182335   1872713.697300
 6451778.951153   1872710.411546
 6451782.719972   1872707.125791
 6451786.488790   1872703.840037
 6451790.257609   1872700.554283
 6451794.035223   1872697.278670
 6451797.816492   1872694.007274
 6451801.597762   1872690.735878
 6451805.379032   1872687.464482
 6451809.160302   1872684.193086
 6451812.963615   1872680.874141
 6451816.730429   1872677.585997
 6451820.497242   1872674.297852
 6451824.264055   1872671.009707
 6451828.030869   1872667.721562
 6451831.797682   1872664.433417
 6451835.564495   1872661.145272
 6451839.331309   1872657.857127
 6451843.098122   1872654.568983
 6451846.766990   1872651.419283
 6451850.581316   1872648.186185
 6451854.395642   1872644.953087
 6451858.209968   1872641.719989
 6451862.024295   1872638.486891
 6451865.838621   1872635.253792
 6451869.710327   1872631.869276
 6451873.455147   1872628.556172
 6451877.199968   1872625.243068
 6451880.944789   1872621.929964
 6451884.689609   1872618.616860
 6451888.434430   1872615.303756
 6451892.179250   1872611.990652
 6451895.955759   1872608.638428
 6451899.684967   1872605.307807
 6451903.417612   1872601.981025
 6451907.150257   1872598.654244
 6451910.882902   1872595.327462
 6451914.615547   1872592.000681
 6451918.348192   1872588.673899
 6451922.080837   1872585.347118
 6451925.813482   1872582.020336
 6451929.546127   1872578.693555
 6451933.278772   1872575.366773
 6451936.979621   1872572.144021
 6451940.784302   1872568.899713
 6451944.588983   1872565.655404
 6451948.393663   1872562.411095
 6451952.198344   1872559.166787
 6451956.003024   1872555.922478
 6451959.807705   1872552.678170
 6451963.612385   1872549.433861
 6451967.417066   1872546.189552
 6451971.248719   1872542.911586
 6451975.025884   1872539.635327
 6451978.756875   1872536.306456
 6451982.487866   1872532.977585
 6451986.218857   1872529.648713
 6451989.949848   1872526.319842
 6451993.680839   1872522.990970
 6451997.411830   1872519.662099
 6452001.142821   1872516.333227
 6452004.873812   1872513.004356
 6452008.609638   1872509.664657
 6452012.351988   1872506.348786
 6452016.099549   1872503.038829
 6452019.847111   1872499.728872
 6452023.594672   1872496.418915
 6452027.342234   1872493.108958
 6452031.089795   1872489.799001
 6452034.837357   1872486.489044
 6452038.584918   1872483.179087
 6452042.310750   1872479.894382
 6452046.072280   1872476.600274
 6452049.858986   1872473.335099
 6452053.645691   1872470.069925
 6452057.432397   1872466.804750
 6452061.219102   1872463.539575
 6452065.005807   1872460.274400
 6452068.792513   1872457.009226
 6452072.579218   1872453.744051
 6452076.365924   1872450.478876
 6452080.164094   1872447.191568
 6452083.939600   1872443.913418
 6452087.699401   1872440.617374
 6452091.459202   1872437.321331
 6452095.219003   1872434.025287
 6452098.978803   1872430.729243
 6452102.738604   1872427.433199
 6452106.498405   1872424.137155
 6452110.258206   1872420.841111
 6452114.018007   1872417.545067
 6452117.769968   1872414.263298
 6452121.537558   1872410.976162
 6452125.305844   1872407.689823
 6452129.074131   1872404.403485
 6452132.842417   1872401.117146
 6452136.610703   1872397.830807
 6452140.378989   1872394.544469
 6452144.147276   1872391.258130
 6452147.915562   1872387.971791
 6452151.683848   1872384.685453
 6452155.439690   1872381.422448
 6452159.212972   1872378.141821
 6452162.986254   1872374.861194
 6452166.759536   1872371.580567
 6452170.532818   1872368.299940
 6452174.306100   1872365.019313
 6452178.079382   1872361.738686
 6452181.852664   1872358.458059
 6452185.625946   1872355.177432
 6452189.399228   1872351.896805
 6452193.191392   1872348.567424
 6452196.943263   1872345.262357
 6452200.695134   1872341.957290
 6452204.447005   1872338.652222
 6452208.198876   1872335.347155
 6452211.950747   1872332.042088
 6452215.702618   1872328.737020
 6452219.454489   1872325.431953
 6452223.206360   1872322.126886
 6452226.966112   1872318.804666
 6452230.746000   1872315.531205
 6452234.530345   1872312.262775
 6452238.314690   1872308.994345
 6452242.099035   1872305.725915
 6452245.883380   1872302.457486
 6452249.667724   1872299.189056
 6452253.452069   1872295.920626
 6452257.236414   1872292.652196
 6452260.956146   1872289.463472
 6452264.767965   1872286.227668
 6452268.550430   1872282.957561
 6452272.312877   1872279.664060
 6452276.075324   1872276.370560
 6452279.837772   1872273.077059
 6452283.600219   1872269.783559
 6452287.362666   1872266.490058
 6452291.125113   1872263.196558
 6452294.887560   1872259.903058
 6452298.675567   1872256.578247
 6452302.423012   1872253.267894
 6452306.167301   1872249.953906
 6452309.911590   1872246.639917
 6452313.655879   1872243.325929
 6452317.400168   1872240.011941
 6452321.144457   1872236.697953
 6452324.888746   1872233.383965
 6452328.633035   1872230.069977
 6452332.404081   1872226.721888
 6452336.134241   1872223.392237
 6452339.900638   1872220.103608
 6452343.678456   1872216.827908
 6452347.456273   1872213.552208
 6452351.234090   1872210.276508
 6452355.011908   1872207.000807
 6452358.789725   1872203.725107
 6452362.567542   1872200.449407
 6452366.345360   1872197.173707
 6452370.090923   1872193.956417
 6452373.887523   1872190.702786
 6452377.664916   1872187.426895
 6452381.442086   1872184.150747
 6452385.219257   1872180.874600
 6452388.996427   1872177.598452
 6452392.773598   1872174.322304
 6452396.550769   1872171.046156
 6452400.327939   1872167.770008
 6452404.146096   1872164.456124
 6452407.906048   1872161.160226
 6452411.665760   1872157.864056
 6452415.424742   1872154.567058
 6452419.183725   1872151.270060
 6452422.942707   1872147.973062
 6452426.701690   1872144.676064
 6452430.460672   1872141.379066
 6452434.219654   1872138.082068
 6452437.978637   1872134.785070
 6452441.727002   1872131.505541
 6452445.491885   1872128.215303
 6452449.252334   1872124.919998
 6452453.007443   1872121.618589
 6452456.762551   1872118.317180
 6452460.517660   1872115.015772
 6452464.272768   1872111.714363
 6452468.027877   1872108.412954
 6452471.782985   1872105.111545
 6452475.538094   1872101.810137
 6452479.310493   1872098.483019
 6452483.056604   1872095.171425
 6452486.803761   1872091.861012
 6452490.550918   1872088.550599
 6452494.298075   1872085.240186
 6452498.045231   1872081.929773
 6452501.792388   1872078.619360
 6452505.539545   1872075.308947
 6452509.286702   1872071.998535
 6452513.006380   1872068.729223
 6452516.768233   1872065.435474
 6452520.536322   1872062.148899
 6452524.308913   1872058.867502
 6452528.081503   1872055.586106
 6452531.854094   1872052.304709
 6452535.626685   1872049.023313
 6452539.399275   1872045.741916
 6452543.171866   1872042.460520
 6452546.944456   1872039.179123
 6452550.649594   1872035.976118
 6452554.464876   1872032.744299
 6452558.327207   1872029.568753
 6452562.189538   1872026.393207
 6452566.051869   1872023.217661
 6452569.914200   1872020.042116
 6452573.776531   1872016.866570
 6452577.638862   1872013.691024
 6452581.501193   1872010.515478
 6452585.363524   1872007.339932
 6452589.190659   1872004.223859
 6452593.071108   1872001.070723
 6452596.951186   1871997.917133
 6452600.831202   1871994.763467
 6452604.711218   1871991.609800
 6452608.591234   1871988.456134
 6452612.471250   1871985.302467
 6452616.351266   1871982.148801
 6452620.231282   1871978.995135
 6452624.102545   1871975.853446
 6452627.986498   1871972.704647
 6452631.870451   1871969.555848
 6452635.754404   1871966.407048
 6452639.638358   1871963.258249
 6452643.522311   1871960.109450
 6452647.406264   1871956.960650
 6452651.290217   1871953.811851
 6452655.174170   1871950.663052
 6452659.058123   1871947.514252
 6452662.799589   1871944.590866
 6452666.752206   1871941.526944
 6452670.733921   1871938.502216
 6452674.739588   1871935.509750
 6452678.745255   1871932.517284
 6452682.750922   1871929.524818
 6452686.756589   1871926.532352
 6452690.762257   1871923.539886
 6452694.767924   1871920.547420
 6452698.773591   1871917.554954
 6452702.842413   1871914.423030
 6452706.800112   1871911.367301
 6452710.757811   1871908.311572
 6452714.715510   1871905.255842
 6452718.673209   1871902.200113
 6452722.630908   1871899.144384
 6452726.588607   1871896.088655
 6452730.546306   1871893.032925
 6452734.504005   1871889.977196
 6452738.412591   1871887.009665
 6452742.394869   1871883.986158
 6452746.377146   1871880.962651
 6452750.359423   1871877.939145
 6452754.339589   1871874.912844
 6452758.318613   1871871.885033
 6452762.297638   1871868.857223
 6452766.276663   1871865.829412
 6452770.255688   1871862.801602
 6452774.245829   1871859.763439
 6452778.220726   1871856.730242
 6452782.195623   1871853.697044
 6452786.170521   1871850.663847
 6452790.145418   1871847.630649
 6452794.120315   1871844.597451
 6452798.119414   1871841.596098
 6452802.130048   1871838.609923
 6452806.140682   1871835.623747
 6452810.151316   1871832.637571
 6452814.052902   1871829.818148
 6452818.111675   1871826.897974
 6452822.170448   1871823.977800
 6452826.229220   1871821.057627
 6452830.286662   1871818.135578
 6452834.336299   1871815.202531
 6452838.385936   1871812.269484
 6452842.435573   1871809.336437
 6452846.485210   1871806.403390
 6452850.574954   1871803.408293
 6452854.605358   1871800.449223
 6452858.635762   1871797.490153
 6452862.666166   1871794.531083
 6452866.696570   1871791.572013
 6452870.726974   1871788.612943
